vesselCount = 13
UT = 383122.74130775075
gameMode = CAREER
gameNull = False
gameCompatible = True
funds = 7834276.9527711179
science = 2609
reputationPercent = -53
ongoingContracts = 5
missionCurrentScore = 0
missionIsStarted = False
missionIsEnded = False
missionHistoryId = 00000000-0000-0000-0000-000000000000
saveMD5 = 682604bcd66de82a57cb3708023fe269
